(kicad_pcb (version 20221018) (generator pcbnew)

  (general
    (thickness 1.6)
  )

  (paper "A4")
  (layers
    (0 "F.Cu" signal)
    (1 "In1.Cu" signal)
    (2 "In2.Cu" signal)
    (31 "B.Cu" signal)
    (32 "B.Adhes" user "B.Adhesive")
    (33 "F.Adhes" user "F.Adhesive")
    (34 "B.Paste" user)
    (35 "F.Paste" user)
    (36 "B.SilkS" user "B.Silkscreen")
    (37 "F.SilkS" user "F.Silkscreen")
    (38 "B.Mask" user)
    (39 "F.Mask" user)
    (40 "Dwgs.User" user "User.Drawings")
    (41 "Cmts.User" user "User.Comments")
    (42 "Eco1.User" user "User.Eco1")
    (43 "Eco2.User" user "User.Eco2")
    (44 "Edge.Cuts" user)
    (45 "Margin" user)
    (46 "B.CrtYd" user "B.Courtyard")
    (47 "F.CrtYd" user "F.Courtyard")
    (48 "B.Fab" user)
    (49 "F.Fab" user)
    (50 "User.1" user)
    (51 "User.2" user)
    (52 "User.3" user)
    (53 "User.4" user)
    (54 "User.5" user)
    (55 "User.6" user)
    (56 "User.7" user)
    (57 "User.8" user)
    (58 "User.9" user)
  )

  (setup
    (stackup
      (layer "F.SilkS" (type "Top Silk Screen"))
      (layer "F.Paste" (type "Top Solder Paste"))
      (layer "F.Mask" (type "Top Solder Mask") (thickness 0.01))
      (layer "F.Cu" (type "copper") (thickness 0.035))
      (layer "dielectric 1" (type "prepreg") (thickness 0.1) (material "FR4") (epsilon_r 4.5) (loss_tangent 0.02))
      (layer "In1.Cu" (type "copper") (thickness 0.035))
      (layer "dielectric 2" (type "core") (thickness 1.24) (material "FR4") (epsilon_r 4.5) (loss_tangent 0.02))
      (layer "In2.Cu" (type "copper") (thickness 0.035))
      (layer "dielectric 3" (type "prepreg") (thickness 0.1) (material "FR4") (epsilon_r 4.5) (loss_tangent 0.02))
      (layer "B.Cu" (type "copper") (thickness 0.035))
      (layer "B.Mask" (type "Bottom Solder Mask") (thickness 0.01))
      (layer "B.Paste" (type "Bottom Solder Paste"))
      (layer "B.SilkS" (type "Bottom Silk Screen"))
      (copper_finish "None")
      (dielectric_constraints no)
    )
    (pad_to_mask_clearance 0)
    (pcbplotparams
      (layerselection 0x00010fc_ffffffff)
      (plot_on_all_layers_selection 0x0000000_00000000)
      (disableapertmacros false)
      (usegerberextensions false)
      (usegerberattributes true)
      (usegerberadvancedattributes true)
      (creategerberjobfile true)
      (dashed_line_dash_ratio 12.000000)
      (dashed_line_gap_ratio 3.000000)
      (svgprecision 4)
      (plotframeref false)
      (viasonmask false)
      (mode 1)
      (useauxorigin false)
      (hpglpennumber 1)
      (hpglpenspeed 20)
      (hpglpendiameter 15.000000)
      (dxfpolygonmode true)
      (dxfimperialunits true)
      (dxfusepcbnewfont true)
      (psnegative false)
      (psa4output false)
      (plotreference true)
      (plotvalue true)
      (plotinvisibletext false)
      (sketchpadsonfab false)
      (subtractmaskfromsilk true)
      (outputformat 1)
      (mirror false)
      (drillshape 0)
      (scaleselection 1)
      (outputdirectory "gerber/")
    )
  )

  (net 0 "")
  (net 1 "GPIO3")
  (net 2 "C1")
  (net 3 "R1")
  (net 4 "C2")
  (net 5 "C3")
  (net 6 "C4")
  (net 7 "C5")
  (net 8 "C6")
  (net 9 "R2")
  (net 10 "R3")
  (net 11 "R4")
  (net 12 "R5")
  (net 13 "R6")
  (net 14 "R7")
  (net 15 "R8")
  (net 16 "GNDPWR")
  (net 17 "Net-(J4-Pin_1)")
  (net 18 "+5V")
  (net 19 "+BATT")
  (net 20 "+3V3")

  (footprint "fx82:RubberDome_Switch" (layer "F.Cu")
    (tstamp 0055a819-140a-41e5-a626-f3a9b043e74b)
    (at 75.25 79.9)
    (property "Sheetfile" "fx82XX.kicad_sch")
    (property "Sheetname" "")
    (property "ki_description" "Push button switch, normally open, two pins, 45° tilted")
    (property "ki_keywords" "switch normally-open pushbutton push-button")
    (path "/5944a829-cab5-494c-8844-d4405e2fe6c1")
    (attr smd)
    (fp_text reference "SW7" (at 0 -3.2 unlocked) (layer "F.SilkS")
        (effects (font (size 1 1) (thickness 0.15)))
      (tstamp dcab0fa0-f77f-4819-848a-da9ff8d30e26)
    )
    (fp_text value "SW_Push" (at 0 0 unlocked) (layer "F.Fab") hide
        (effects (font (size 1 1) (thickness 0.15)))
      (tstamp 4d9a019f-113f-4143-ae33-2986efb71e17)
    )
    (pad "1" thru_hole circle (at -1.5 -1.5) (size 1 1) (drill 0.5) (layers "*.Cu" "F.Mask")
      (net 2 "C1") (pinfunction "1") (pintype "passive") (tstamp d2d35244-7b6a-424f-a4ac-0a80d195958b))
    (pad "1" smd custom (at -0.05 -1.5) (size 1 1) (layers "F.Cu" "F.Mask")
      (net 2 "C1") (pinfunction "1") (pintype "passive")
      (options (clearance outline) (anchor circle))
      (primitives
        (gr_line (start -0.15 0.5) (end -0.15 2.2) (width 0.2))
        (gr_poly
          (pts
            (xy -1.95 -0.3)
            (xy -1.75 -0.5)
            (xy 1.85 -0.5)
            (xy 2.05 -0.3)
            (xy 2.05 0.5)
            (xy -1.95 0.5)
          )
          (width 0) (fill yes))
        (gr_line (start -0.95 0.5) (end -0.95 2.2) (width 0.2))
        (gr_line (start -1.75 0.5) (end -1.75 2.2) (width 0.2))
        (gr_line (start 0.65 0.5) (end 0.65 2.2) (width 0.2))
        (gr_line (start 1.45 0.5) (end 1.45 2.2) (width 0.2))
      ) (tstamp 3516cae7-ddb6-425f-84aa-4a962491cada))
    (pad "2" smd custom (at 0.05 1.5 180) (size 1 1) (layers "F.Cu" "F.Mask")
      (net 9 "R2") (pinfunction "2") (pintype "passive")
      (options (clearance outline) (anchor circle))
      (primitives
        (gr_line (start -0.15 0.5) (end -0.15 2.2) (width 0.2))
        (gr_poly
          (pts
            (xy -1.95 -0.3)
            (xy -1.75 -0.5)
            (xy 1.85 -0.5)
            (xy 2.05 -0.3)
            (xy 2.05 0.5)
            (xy -1.95 0.5)
          )
          (width 0) (fill yes))
        (gr_line (start -0.95 0.5) (end -0.95 2.2) (width 0.2))
        (gr_line (start -1.75 0.5) (end -1.75 2.2) (width 0.2))
        (gr_line (start 1.45 0.5) (end 1.45 2.2) (width 0.2))
        (gr_line (start 0.65 0.5) (end 0.65 2.2) (width 0.2))
      ) (tstamp 95fac503-8420-457d-8758-ba521ce51cf6))
  )

  (footprint "fx82:RubberDome_Switch" (layer "F.Cu")
    (tstamp 03eabbf0-db91-4d3e-9b93-ee867d00f98e)
    (at 97.85 89.6)
    (property "Sheetfile" "fx82XX.kicad_sch")
    (property "Sheetname" "")
    (property "ki_description" "Push button switch, normally open, two pins, 45° tilted")
    (property "ki_keywords" "switch normally-open pushbutton push-button")
    (path "/9226b79d-1cad-49ab-8cab-8bf11667f93d")
    (attr smd)
    (fp_text reference "SW15" (at 0 -3.2 unlocked) (layer "F.SilkS")
        (effects (font (size 1 1) (thickness 0.15)))
      (tstamp 75eae549-2857-4891-9e6b-f31dd769fcb6)
    )
    (fp_text value "SW_Push" (at 0 0 unlocked) (layer "F.Fab") hide
        (effects (font (size 1 1) (thickness 0.15)))
      (tstamp 2914ffac-0098-4d5b-bd58-51354615e92b)
    )
    (pad "1" thru_hole circle (at -1.5 -1.5) (size 1 1) (drill 0.5) (layers "*.Cu" "F.Mask")
      (net 5 "C3") (pinfunction "1") (pintype "passive") (tstamp 55c991e4-b67c-4f80-ac49-aac7a7449eca))
    (pad "1" smd custom (at -0.05 -1.5) (size 1 1) (layers "F.Cu" "F.Mask")
      (net 5 "C3") (pinfunction "1") (pintype "passive")
      (options (clearance outline) (anchor circle))
      (primitives
        (gr_line (start -0.15 0.5) (end -0.15 2.2) (width 0.2))
        (gr_poly
          (pts
            (xy -1.95 -0.3)
            (xy -1.75 -0.5)
            (xy 1.85 -0.5)
            (xy 2.05 -0.3)
            (xy 2.05 0.5)
            (xy -1.95 0.5)
          )
          (width 0) (fill yes))
        (gr_line (start -0.95 0.5) (end -0.95 2.2) (width 0.2))
        (gr_line (start -1.75 0.5) (end -1.75 2.2) (width 0.2))
        (gr_line (start 0.65 0.5) (end 0.65 2.2) (width 0.2))
        (gr_line (start 1.45 0.5) (end 1.45 2.2) (width 0.2))
      ) (tstamp de7cf954-2761-4981-aaf5-126b41c297b6))
    (pad "2" smd custom (at 0.05 1.5 180) (size 1 1) (layers "F.Cu" "F.Mask")
      (net 10 "R3") (pinfunction "2") (pintype "passive")
      (options (clearance outline) (anchor circle))
      (primitives
        (gr_line (start -0.15 0.5) (end -0.15 2.2) (width 0.2))
        (gr_poly
          (pts
            (xy -1.95 -0.3)
            (xy -1.75 -0.5)
            (xy 1.85 -0.5)
            (xy 2.05 -0.3)
            (xy 2.05 0.5)
            (xy -1.95 0.5)
          )
          (width 0) (fill yes))
        (gr_line (start -0.95 0.5) (end -0.95 2.2) (width 0.2))
        (gr_line (start -1.75 0.5) (end -1.75 2.2) (width 0.2))
        (gr_line (start 1.45 0.5) (end 1.45 2.2) (width 0.2))
        (gr_line (start 0.65 0.5) (end 0.65 2.2) (width 0.2))
      ) (tstamp 864d7487-7546-4f1e-b7ef-34d4dd62ab6a))
  )

  (footprint "fx82:RubberDome_Switch" (layer "F.Cu")
    (tstamp 05ed3afa-9efb-48ce-afef-7433330c4f3c)
    (at 86.55 68.1)
    (property "Sheetfile" "fx82XX.kicad_sch")
    (property "Sheetname" "")
    (property "ki_description" "Push button switch, normally open, two pins, 45° tilted")
    (property "ki_keywords" "switch normally-open pushbutton push-button")
    (path "/3d983365-376e-4521-be9e-25a6f1972e3c")
    (attr smd)
    (fp_text reference "SW2" (at 0 -3.2 unlocked) (layer "F.SilkS")
        (effects (font (size 1 1) (thickness 0.15)))
      (tstamp 3147a9bc-354e-4369-8f8c-89fd3d6dece4)
    )
    (fp_text value "SW_Push" (at 0 0 unlocked) (layer "F.Fab") hide
        (effects (font (size 1 1) (thickness 0.15)))
      (tstamp 1bc9cab6-4fda-4639-9fe6-a5485b394f80)
    )
    (pad "1" thru_hole circle (at -1.5 -1.5) (size 1 1) (drill 0.5) (layers "*.Cu" "F.Mask")
      (net 4 "C2") (pinfunction "1") (pintype "passive") (tstamp 611968ae-7184-4fe7-b6a7-9b33c7a8eb7b))
    (pad "1" smd custom (at -0.05 -1.5) (size 1 1) (layers "F.Cu" "F.Mask")
      (net 4 "C2") (pinfunction "1") (pintype "passive")
      (options (clearance outline) (anchor circle))
      (primitives
        (gr_line (start -0.15 0.5) (end -0.15 2.2) (width 0.2))
        (gr_poly
          (pts
            (xy -1.95 -0.3)
            (xy -1.75 -0.5)
            (xy 1.85 -0.5)
            (xy 2.05 -0.3)
            (xy 2.05 0.5)
            (xy -1.95 0.5)
          )
          (width 0) (fill yes))
        (gr_line (start -0.95 0.5) (end -0.95 2.2) (width 0.2))
        (gr_line (start -1.75 0.5) (end -1.75 2.2) (width 0.2))
        (gr_line (start 0.65 0.5) (end 0.65 2.2) (width 0.2))
        (gr_line (start 1.45 0.5) (end 1.45 2.2) (width 0.2))
      ) (tstamp e5a66c35-75a1-4431-b792-a430a4236384))
    (pad "2" smd custom (at 0.05 1.5 180) (size 1 1) (layers "F.Cu" "F.Mask")
      (net 3 "R1") (pinfunction "2") (pintype "passive")
      (options (clearance outline) (anchor circle))
      (primitives
        (gr_line (start -0.15 0.5) (end -0.15 2.2) (width 0.2))
        (gr_poly
          (pts
            (xy -1.95 -0.3)
            (xy -1.75 -0.5)
            (xy 1.85 -0.5)
            (xy 2.05 -0.3)
            (xy 2.05 0.5)
            (xy -1.95 0.5)
          )
          (width 0) (fill yes))
        (gr_line (start -0.95 0.5) (end -0.95 2.2) (width 0.2))
        (gr_line (start -1.75 0.5) (end -1.75 2.2) (width 0.2))
        (gr_line (start 1.45 0.5) (end 1.45 2.2) (width 0.2))
        (gr_line (start 0.65 0.5) (end 0.65 2.2) (width 0.2))
      ) (tstamp 7182013e-8b48-41ea-9c6a-b38eb881bc84))
  )

  (footprint "fx82:RubberDome_Switch" (layer "F.Cu")
    (tstamp 0600d0ab-0132-4e6f-af7d-83e3ab63e770)
    (at 131.75 89.6)
    (property "Sheetfile" "fx82XX.kicad_sch")
    (property "Sheetname" "")
    (property "ki_description" "Push button switch, normally open, two pins, 45° tilted")
    (property "ki_keywords" "switch normally-open pushbutton push-button")
    (path "/0be05c24-5415-4136-9235-6855b0a5a2e6")
    (attr smd)
    (fp_text reference "SW18" (at 0 -3.2 unlocked) (layer "F.SilkS")
        (effects (font (size 1 1) (thickness 0.15)))
      (tstamp 25c1711d-016c-402c-8ef5-22cb7fdca1a7)
    )
    (fp_text value "SW_Push" (at 0 0 unlocked) (layer "F.Fab") hide
        (effects (font (size 1 1) (thickness 0.15)))
      (tstamp 6d2cd30b-ab86-4eb5-a576-3f2ad41950e9)
    )
    (pad "1" thru_hole circle (at -1.5 -1.5) (size 1 1) (drill 0.5) (layers "*.Cu" "F.Mask")
      (net 8 "C6") (pinfunction "1") (pintype "passive") (tstamp ecd966d6-2fff-46c6-87cb-34959b802ddd))
    (pad "1" smd custom (at -0.05 -1.5) (size 1 1) (layers "F.Cu" "F.Mask")
      (net 8 "C6") (pinfunction "1") (pintype "passive")
      (options (clearance outline) (anchor circle))
      (primitives
        (gr_line (start -0.15 0.5) (end -0.15 2.2) (width 0.2))
        (gr_poly
          (pts
            (xy -1.95 -0.3)
            (xy -1.75 -0.5)
            (xy 1.85 -0.5)
            (xy 2.05 -0.3)
            (xy 2.05 0.5)
            (xy -1.95 0.5)
          )
          (width 0) (fill yes))
        (gr_line (start -0.95 0.5) (end -0.95 2.2) (width 0.2))
        (gr_line (start -1.75 0.5) (end -1.75 2.2) (width 0.2))
        (gr_line (start 0.65 0.5) (end 0.65 2.2) (width 0.2))
        (gr_line (start 1.45 0.5) (end 1.45 2.2) (width 0.2))
      ) (tstamp a7c748df-97d2-4972-925a-aca898e5f991))
    (pad "2" smd custom (at 0.05 1.5 180) (size 1 1) (layers "F.Cu" "F.Mask")
      (net 10 "R3") (pinfunction "2") (pintype "passive")
      (options (clearance outline) (anchor circle))
      (primitives
        (gr_line (start -0.15 0.5) (end -0.15 2.2) (width 0.2))
        (gr_poly
          (pts
            (xy -1.95 -0.3)
            (xy -1.75 -0.5)
            (xy 1.85 -0.5)
            (xy 2.05 -0.3)
            (xy 2.05 0.5)
            (xy -1.95 0.5)
          )
          (width 0) (fill yes))
        (gr_line (start -0.95 0.5) (end -0.95 2.2) (width 0.2))
        (gr_line (start -1.75 0.5) (end -1.75 2.2) (width 0.2))
        (gr_line (start 1.45 0.5) (end 1.45 2.2) (width 0.2))
        (gr_line (start 0.65 0.5) (end 0.65 2.2) (width 0.2))
      ) (tstamp 901ee937-b950-4c8e-ac4e-ab754412c94c))
  )

  (footprint "fx82:RubberDome_Switch" (layer "F.Cu")
    (tstamp 07afe85a-353b-45dd-835e-e3012b4ec94e)
    (at 75.25 99.3)
    (property "Sheetfile" "fx82XX.kicad_sch")
    (property "Sheetname" "")
    (property "ki_description" "Push button switch, normally open, two pins, 45° tilted")
    (property "ki_keywords" "switch normally-open pushbutton push-button")
    (path "/defd382b-d5d4-4448-bba5-bb8f77ff0457")
    (attr smd)
    (fp_text reference "SW19" (at 0 -3.2 unlocked) (layer "F.SilkS")
        (effects (font (size 1 1) (thickness 0.15)))
      (tstamp 404314e9-dbe0-4cdf-ab09-3afd44e3fc38)
    )
    (fp_text value "SW_Push" (at 0 0 unlocked) (layer "F.Fab") hide
        (effects (font (size 1 1) (thickness 0.15)))
      (tstamp f7a8d081-2809-4278-863e-3472221aaed6)
    )
    (pad "1" thru_hole circle (at -1.5 -1.5) (size 1 1) (drill 0.5) (layers "*.Cu" "F.Mask")
      (net 2 "C1") (pinfunction "1") (pintype "passive") (tstamp 110abee7-3819-47aa-bff4-0248f37943b7))
    (pad "1" smd custom (at -0.05 -1.5) (size 1 1) (layers "F.Cu" "F.Mask")
      (net 2 "C1") (pinfunction "1") (pintype "passive")
      (options (clearance outline) (anchor circle))
      (primitives
        (gr_line (start -0.15 0.5) (end -0.15 2.2) (width 0.2))
        (gr_poly
          (pts
            (xy -1.95 -0.3)
            (xy -1.75 -0.5)
            (xy 1.85 -0.5)
            (xy 2.05 -0.3)
            (xy 2.05 0.5)
            (xy -1.95 0.5)
          )
          (width 0) (fill yes))
        (gr_line (start -0.95 0.5) (end -0.95 2.2) (width 0.2))
        (gr_line (start -1.75 0.5) (end -1.75 2.2) (width 0.2))
        (gr_line (start 0.65 0.5) (end 0.65 2.2) (width 0.2))
        (gr_line (start 1.45 0.5) (end 1.45 2.2) (width 0.2))
      ) (tstamp 25d5fb92-7ec4-48c9-8615-199cfd3a32bc))
    (pad "2" smd custom (at 0.05 1.5 180) (size 1 1) (layers "F.Cu" "F.Mask")
      (net 11 "R4") (pinfunction "2") (pintype "passive")
      (options (clearance outline) (anchor circle))
      (primitives
        (gr_line (start -0.15 0.5) (end -0.15 2.2) (width 0.2))
        (gr_poly
          (pts
            (xy -1.95 -0.3)
            (xy -1.75 -0.5)
            (xy 1.85 -0.5)
            (xy 2.05 -0.3)
            (xy 2.05 0.5)
            (xy -1.95 0.5)
          )
          (width 0) (fill yes))
        (gr_line (start -0.95 0.5) (end -0.95 2.2) (width 0.2))
        (gr_line (start -1.75 0.5) (end -1.75 2.2) (width 0.2))
        (gr_line (start 1.45 0.5) (end 1.45 2.2) (width 0.2))
        (gr_line (start 0.65 0.5) (end 0.65 2.2) (width 0.2))
      ) (tstamp 9e24ba05-e35e-406d-8025-1dd9c8d653e2))
  )

  (footprint "fx82:RubberDome_Switch_NoHole" (layer "F.Cu")
    (tstamp 0c15ea0a-b1bf-46eb-9396-11bba4a3b13f)
    (at 86.55 58.35)
    (property "Sheetfile" "fx82XX.kicad_sch")
    (property "Sheetname" "")
    (property "ki_description" "Push button switch, normally open, two pins, 45° tilted")
    (property "ki_keywords" "switch normally-open pushbutton push-button")
    (path "/4cd0446d-44cc-4c24-b45e-4b5cf8b04bb1")
    (attr smd)
    (fp_text reference "SW42" (at 0 -3.2 unlocked) (layer "F.SilkS")
        (effects (font (size 1 1) (thickness 0.15)))
      (tstamp e7b4f141-5929-45ca-9488-6f23a77b1cd0)
    )
    (fp_text value "Home" (at 0 0 unlocked) (layer "F.Fab") hide
        (effects (font (size 1 1) (thickness 0.15)))
      (tstamp 5753e3ac-278b-4505-a39c-9a68f4cfc224)
    )
    (pad "1" smd custom (at -0.05 -1.5) (size 1 1) (layers "F.Cu" "F.Mask")
      (net 8 "C6") (pinfunction "1") (pintype "passive")
      (options (clearance outline) (anchor circle))
      (primitives
        (gr_line (start -0.15 0.5) (end -0.15 2.2) (width 0.2))
        (gr_poly
          (pts
            (xy -1.95 -0.3)
            (xy -1.75 -0.5)
            (xy 1.85 -0.5)
            (xy 2.05 -0.3)
            (xy 2.05 0.5)
            (xy -1.95 0.5)
          )
          (width 0) (fill yes))
        (gr_line (start -0.95 0.5) (end -0.95 2.2) (width 0.2))
        (gr_line (start -1.75 0.5) (end -1.75 2.2) (width 0.2))
        (gr_line (start 0.65 0.5) (end 0.65 2.2) (width 0.2))
        (gr_line (start 1.45 0.5) (end 1.45 2.2) (width 0.2))
      ) (tstamp fa1bda18-6dc9-40c1-b31c-234bc13a38c4))
    (pad "2" smd custom (at 0.05 1.5 180) (size 1 1) (layers "F.Cu" "F.Mask")
      (net 14 "R7") (pinfunction "2") (pintype "passive")
      (options (clearance outline) (anchor circle))
      (primitives
        (gr_line (start -0.15 0.5) (end -0.15 2.2) (width 0.2))
        (gr_poly
          (pts
            (xy -1.95 -0.3)
            (xy -1.75 -0.5)
            (xy 1.85 -0.5)
            (xy 2.05 -0.3)
            (xy 2.05 0.5)
            (xy -1.95 0.5)
          )
          (width 0) (fill yes))
        (gr_line (start -0.95 0.5) (end -0.95 2.2) (width 0.2))
        (gr_line (start -1.75 0.5) (end -1.75 2.2) (width 0.2))
        (gr_line (start 1.45 0.5) (end 1.45 2.2) (width 0.2))
        (gr_line (start 0.65 0.5) (end 0.65 2.2) (width 0.2))
      ) (tstamp 3aa3b4e6-89da-4877-9ce9-59984f648877))
  )

  (footprint "fx82:RubberDome_Switch" (layer "F.Cu")
    (tstamp 0f38c101-250f-4710-96a5-25af9e66a613)
    (at 89.6 121.55)
    (property "Sheetfile" "fx82XX.kicad_sch")
    (property "Sheetname" "")
    (property "ki_description" "Push button switch, normally open, two pins, 45° tilted")
    (property "ki_keywords" "switch normally-open pushbutton push-button")
    (path "/0507598f-4f12-4418-bc4a-b6a20e005e66")
    (attr smd)
    (fp_text reference "SW32" (at 0 -3.2 unlocked) (layer "F.SilkS")
        (effects (font (size 1 1) (thickness 0.15)))
      (tstamp f4769fd8-b6f0-45b8-bb3b-c90b706728a3)
    )
    (fp_text value "SW_Push" (at 0 0 unlocked) (layer "F.Fab") hide
        (effects (font (size 1 1) (thickness 0.15)))
      (tstamp 9ee9f112-44f9-4469-9eda-03683b38cf03)
    )
    (pad "1" thru_hole circle (at -1.5 -1.5) (size 1 1) (drill 0.5) (layers "*.Cu" "F.Mask")
      (net 4 "C2") (pinfunction "1") (pintype "passive") (tstamp 8513547f-f909-47fd-bb22-9075a9610c90))
    (pad "1" smd custom (at -0.05 -1.5) (size 1 1) (layers "F.Cu" "F.Mask")
      (net 4 "C2") (pinfunction "1") (pintype "passive")
      (options (clearance outline) (anchor circle))
      (primitives
        (gr_line (start -0.15 0.5) (end -0.15 2.2) (width 0.2))
        (gr_poly
          (pts
            (xy -1.95 -0.3)
            (xy -1.75 -0.5)
            (xy 1.85 -0.5)
            (xy 2.05 -0.3)
            (xy 2.05 0.5)
            (xy -1.95 0.5)
          )
          (width 0) (fill yes))
        (gr_line (start -0.95 0.5) (end -0.95 2.2) (width 0.2))
        (gr_line (start -1.75 0.5) (end -1.75 2.2) (width 0.2))
        (gr_line (start 0.65 0.5) (end 0.65 2.2) (width 0.2))
        (gr_line (start 1.45 0.5) (end 1.45 2.2) (width 0.2))
      ) (tstamp 9b21fa03-187c-4732-8489-540fdb233b63))
    (pad "2" smd custom (at 0.05 1.5 180) (size 1 1) (layers "F.Cu" "F.Mask")
      (net 13 "R6") (pinfunction "2") (pintype "passive")
      (options (clearance outline) (anchor circle))
      (primitives
        (gr_line (start -0.15 0.5) (end -0.15 2.2) (width 0.2))
        (gr_poly
          (pts
            (xy -1.95 -0.3)
            (xy -1.75 -0.5)
            (xy 1.85 -0.5)
            (xy 2.05 -0.3)
            (xy 2.05 0.5)
            (xy -1.95 0.5)
          )
          (width 0) (fill yes))
        (gr_line (start -0.95 0.5) (end -0.95 2.2) (width 0.2))
        (gr_line (start -1.75 0.5) (end -1.75 2.2) (width 0.2))
        (gr_line (start 1.45 0.5) (end 1.45 2.2) (width 0.2))
        (gr_line (start 0.65 0.5) (end 0.65 2.2) (width 0.2))
      ) (tstamp a7bce2f2-7fcd-4e4b-8e2a-1c5f244d79de))
  )

  (footprint "fx82:RubberDome_Switch" (layer "F.Cu")
    (tstamp 121a13ac-368b-46f3-8d21-0b7f7e41f8cb)
    (at 120.45 68.1)
    (property "Sheetfile" "fx82XX.kicad_sch")
    (property "Sheetname" "")
    (property "ki_description" "Push button switch, normally open, two pins, 45° tilted")
    (property "ki_keywords" "switch normally-open pushbutton push-button")
    (path "/a1f189f9-76b6-43f2-8f99-73fcd8a4d535")
    (attr smd)
    (fp_text reference "SW5" (at 0 -3.2 unlocked) (layer "F.SilkS")
        (effects (font (size 1 1) (thickness 0.15)))
      (tstamp c34c6247-3f9c-4d39-bccc-716d0767e2cc)
    )
    (fp_text value "SW_Push" (at 0 0 unlocked) (layer "F.Fab") hide
        (effects (font (size 1 1) (thickness 0.15)))
      (tstamp f30e1669-5f4b-4400-bf12-fc6fac9b4d10)
    )
    (pad "1" thru_hole circle (at -1.5 -1.5) (size 1 1) (drill 0.5) (layers "*.Cu" "F.Mask")
      (net 7 "C5") (pinfunction "1") (pintype "passive") (tstamp d7b1d2b5-605f-4cc4-950f-983944a33d1e))
    (pad "1" smd custom (at -0.05 -1.5) (size 1 1) (layers "F.Cu" "F.Mask")
      (net 7 "C5") (pinfunction "1") (pintype "passive")
      (options (clearance outline) (anchor circle))
      (primitives
        (gr_line (start -0.15 0.5) (end -0.15 2.2) (width 0.2))
        (gr_poly
          (pts
            (xy -1.95 -0.3)
            (xy -1.75 -0.5)
            (xy 1.85 -0.5)
            (xy 2.05 -0.3)
            (xy 2.05 0.5)
            (xy -1.95 0.5)
          )
          (width 0) (fill yes))
        (gr_line (start -0.95 0.5) (end -0.95 2.2) (width 0.2))
        (gr_line (start -1.75 0.5) (end -1.75 2.2) (width 0.2))
        (gr_line (start 0.65 0.5) (end 0.65 2.2) (width 0.2))
        (gr_line (start 1.45 0.5) (end 1.45 2.2) (width 0.2))
      ) (tstamp df228d1c-5b03-469c-a687-9b0b37af002e))
    (pad "2" smd custom (at 0.05 1.5 180) (size 1 1) (layers "F.Cu" "F.Mask")
      (net 3 "R1") (pinfunction "2") (pintype "passive")
      (options (clearance outline) (anchor circle))
      (primitives
        (gr_line (start -0.15 0.5) (end -0.15 2.2) (width 0.2))
        (gr_poly
          (pts
            (xy -1.95 -0.3)
            (xy -1.75 -0.5)
            (xy 1.85 -0.5)
            (xy 2.05 -0.3)
            (xy 2.05 0.5)
            (xy -1.95 0.5)
          )
          (width 0) (fill yes))
        (gr_line (start -0.95 0.5) (end -0.95 2.2) (width 0.2))
        (gr_line (start -1.75 0.5) (end -1.75 2.2) (width 0.2))
        (gr_line (start 1.45 0.5) (end 1.45 2.2) (width 0.2))
        (gr_line (start 0.65 0.5) (end 0.65 2.2) (width 0.2))
      ) (tstamp d62df89e-5326-41bd-9dab-613cba5a16ae))
  )

  (footprint "fx82:RubberDome_Switch" (layer "F.Cu")
    (tstamp 1270d1f0-90d4-4522-95b8-611c410d1ee9)
    (at 103.5 110.2)
    (property "Sheetfile" "fx82XX.kicad_sch")
    (property "Sheetname" "")
    (property "ki_description" "Push button switch, normally open, two pins, 45° tilted")
    (property "ki_keywords" "switch normally-open pushbutton push-button")
    (path "/27046482-566a-42d8-8fa0-bd8b07645fb8")
    (attr smd)
    (fp_text reference "SW27" (at 0 -3.2 unlocked) (layer "F.SilkS")
        (effects (font (size 1 1) (thickness 0.15)))
      (tstamp 84c232d5-3a0e-463e-b3bd-886b8eaad9eb)
    )
    (fp_text value "SW_Push" (at 0 0 unlocked) (layer "F.Fab") hide
        (effects (font (size 1 1) (thickness 0.15)))
      (tstamp 7f48a4f6-e04f-46cf-9430-3fd264b0b5c6)
    )
    (pad "1" thru_hole circle (at -1.5 -1.5) (size 1 1) (drill 0.5) (layers "*.Cu" "F.Mask")
      (net 5 "C3") (pinfunction "1") (pintype "passive") (tstamp e8e2765a-9b1e-4d75-bc6b-1f7d1efbc689))
    (pad "1" smd custom (at -0.05 -1.5) (size 1 1) (layers "F.Cu" "F.Mask")
      (net 5 "C3") (pinfunction "1") (pintype "passive")
      (options (clearance outline) (anchor circle))
      (primitives
        (gr_line (start -0.15 0.5) (end -0.15 2.2) (width 0.2))
        (gr_poly
          (pts
            (xy -1.95 -0.3)
            (xy -1.75 -0.5)
            (xy 1.85 -0.5)
            (xy 2.05 -0.3)
            (xy 2.05 0.5)
            (xy -1.95 0.5)
          )
          (width 0) (fill yes))
        (gr_line (start -0.95 0.5) (end -0.95 2.2) (width 0.2))
        (gr_line (start -1.75 0.5) (end -1.75 2.2) (width 0.2))
        (gr_line (start 0.65 0.5) (end 0.65 2.2) (width 0.2))
        (gr_line (start 1.45 0.5) (end 1.45 2.2) (width 0.2))
      ) (tstamp cb5072af-65e2-4cb0-bf63-798d8b2a53c8))
    (pad "2" smd custom (at 0.05 1.5 180) (size 1 1) (layers "F.Cu" "F.Mask")
      (net 12 "R5") (pinfunction "2") (pintype "passive")
      (options (clearance outline) (anchor circle))
      (primitives
        (gr_line (start -0.15 0.5) (end -0.15 2.2) (width 0.2))
        (gr_poly
          (pts
            (xy -1.95 -0.3)
            (xy -1.75 -0.5)
            (xy 1.85 -0.5)
            (xy 2.05 -0.3)
            (xy 2.05 0.5)
            (xy -1.95 0.5)
          )
          (width 0) (fill yes))
        (gr_line (start -0.95 0.5) (end -0.95 2.2) (width 0.2))
        (gr_line (start -1.75 0.5) (end -1.75 2.2) (width 0.2))
        (gr_line (start 1.45 0.5) (end 1.45 2.2) (width 0.2))
        (gr_line (start 0.65 0.5) (end 0.65 2.2) (width 0.2))
      ) (tstamp c5b010f2-0e95-4e69-a583-70b9dbefb819))
  )

  (footprint "fx82:RubberDome_Switch" (layer "F.Cu")
    (tstamp 16fd124f-bac7-4d0e-9f15-3fcb76aeefba)
    (at 103.5 132.9)
    (property "Sheetfile" "fx82XX.kicad_sch")
    (property "Sheetname" "")
    (property "ki_description" "Push button switch, normally open, two pins, 45° tilted")
    (property "ki_keywords" "switch normally-open pushbutton push-button")
    (path "/b95dcbc2-15eb-4319-a7c9-b54bcc676feb")
    (attr smd)
    (fp_text reference "SW39" (at 0 -3.2 unlocked) (layer "F.SilkS")
        (effects (font (size 1 1) (thickness 0.15)))
      (tstamp 9d9cdac7-0792-41e6-a2b7-3bb6635d5b25)
    )
    (fp_text value "SW_Push" (at 0 0 unlocked) (layer "F.Fab") hide
        (effects (font (size 1 1) (thickness 0.15)))
      (tstamp 9fc7f305-7f36-44b7-baae-ac95c40a3ab1)
    )
    (pad "1" thru_hole circle (at -1.5 -1.5) (size 1 1) (drill 0.5) (layers "*.Cu" "F.Mask")
      (net 5 "C3") (pinfunction "1") (pintype "passive") (tstamp a2303f50-b6f3-4e2d-bdd9-2e1e21665813))
    (pad "1" smd custom (at -0.05 -1.5) (size 1 1) (layers "F.Cu" "F.Mask")
      (net 5 "C3") (pinfunction "1") (pintype "passive")
      (options (clearance outline) (anchor circle))
      (primitives
        (gr_line (start -0.15 0.5) (end -0.15 2.2) (width 0.2))
        (gr_poly
          (pts
            (xy -1.95 -0.3)
            (xy -1.75 -0.5)
            (xy 1.85 -0.5)
            (xy 2.05 -0.3)
            (xy 2.05 0.5)
            (xy -1.95 0.5)
          )
          (width 0) (fill yes))
        (gr_line (start -0.95 0.5) (end -0.95 2.2) (width 0.2))
        (gr_line (start -1.75 0.5) (end -1.75 2.2) (width 0.2))
        (gr_line (start 0.65 0.5) (end 0.65 2.2) (width 0.2))
        (gr_line (start 1.45 0.5) (end 1.45 2.2) (width 0.2))
      ) (tstamp dad88ea4-5b56-484a-b97f-d3692e53580f))
    (pad "2" smd custom (at 0.05 1.5 180) (size 1 1) (layers "F.Cu" "F.Mask")
      (net 14 "R7") (pinfunction "2") (pintype "passive")
      (options (clearance outline) (anchor circle))
      (primitives
        (gr_line (start -0.15 0.5) (end -0.15 2.2) (width 0.2))
        (gr_poly
          (pts
            (xy -1.95 -0.3)
            (xy -1.75 -0.5)
            (xy 1.85 -0.5)
            (xy 2.05 -0.3)
            (xy 2.05 0.5)
            (xy -1.95 0.5)
          )
          (width 0) (fill yes))
        (gr_line (start -0.95 0.5) (end -0.95 2.2) (width 0.2))
        (gr_line (start -1.75 0.5) (end -1.75 2.2) (width 0.2))
        (gr_line (start 1.45 0.5) (end 1.45 2.2) (width 0.2))
        (gr_line (start 0.65 0.5) (end 0.65 2.2) (width 0.2))
      ) (tstamp 26f971d0-c827-409f-bf5a-0666fcae2665))
  )

  (footprint "fx82:RubberDome_Switch" (layer "F.Cu")
    (tstamp 17374dec-478b-4491-bb5e-e15924cfc6c6)
    (at 103.5 144.25)
    (property "Sheetfile" "fx82XX.kicad_sch")
    (property "Sheetname" "")
    (property "ki_description" "Push button switch, normally open, two pins, 45° tilted")
    (property "ki_keywords" "switch normally-open pushbutton push-button")
    (path "/43adef01-2ff5-479d-b910-e22864fa202b")
    (attr smd)
    (fp_text reference "SW45" (at 0 -3.2 unlocked) (layer "F.SilkS")
        (effects (font (size 1 1) (thickness 0.15)))
      (tstamp d4eeb823-e377-4c6e-8eca-d3d370dd686b)
    )
    (fp_text value "SW_Push" (at 0 0 unlocked) (layer "F.Fab") hide
        (effects (font (size 1 1) (thickness 0.15)))
      (tstamp 5fa4fe25-d34b-4af0-902e-fed217e31606)
    )
    (pad "1" thru_hole circle (at -1.5 -1.5) (size 1 1) (drill 0.5) (layers "*.Cu" "F.Mask")
      (net 5 "C3") (pinfunction "1") (pintype "passive") (tstamp bd0cd471-2464-40ee-8ee2-0e4395a90623))
    (pad "1" smd custom (at -0.05 -1.5) (size 1 1) (layers "F.Cu" "F.Mask")
      (net 5 "C3") (pinfunction "1") (pintype "passive")
      (options (clearance outline) (anchor circle))
      (primitives
        (gr_line (start -0.15 0.5) (end -0.15 2.2) (width 0.2))
        (gr_poly
          (pts
            (xy -1.95 -0.3)
            (xy -1.75 -0.5)
            (xy 1.85 -0.5)
            (xy 2.05 -0.3)
            (xy 2.05 0.5)
            (xy -1.95 0.5)
          )
          (width 0) (fill yes))
        (gr_line (start -0.95 0.5) (end -0.95 2.2) (width 0.2))
        (gr_line (start -1.75 0.5) (end -1.75 2.2) (width 0.2))
        (gr_line (start 0.65 0.5) (end 0.65 2.2) (width 0.2))
        (gr_line (start 1.45 0.5) (end 1.45 2.2) (width 0.2))
      ) (tstamp c47c230f-713b-4523-82bb-3ba11c5aa5dc))
    (pad "2" smd custom (at 0.05 1.5 180) (size 1 1) (layers "F.Cu" "F.Mask")
      (net 15 "R8") (pinfunction "2") (pintype "passive")
      (options (clearance outline) (anchor circle))
      (primitives
        (gr_line (start -0.15 0.5) (end -0.15 2.2) (width 0.2))
        (gr_poly
          (pts
            (xy -1.95 -0.3)
            (xy -1.75 -0.5)
            (xy 1.85 -0.5)
            (xy 2.05 -0.3)
            (xy 2.05 0.5)
            (xy -1.95 0.5)
          )
          (width 0) (fill yes))
        (gr_line (start -0.95 0.5) (end -0.95 2.2) (width 0.2))
        (gr_line (start -1.75 0.5) (end -1.75 2.2) (width 0.2))
        (gr_line (start 1.45 0.5) (end 1.45 2.2) (width 0.2))
        (gr_line (start 0.65 0.5) (end 0.65 2.2) (width 0.2))
      ) (tstamp f803687b-9b9c-4748-b380-75f490e37514))
  )

  (footprint "fx82:RubberDome_Switch" (layer "F.Cu")
    (tstamp 1e32e9a8-4671-438d-bdb9-9f8ed92442a2)
    (at 103.5 121.55)
    (property "Sheetfile" "fx82XX.kicad_sch")
    (property "Sheetname" "")
    (property "ki_description" "Push button switch, normally open, two pins, 45° tilted")
    (property "ki_keywords" "switch normally-open pushbutton push-button")
    (path "/12d8ca2d-0ae1-4eae-9026-92272b603cd5")
    (attr smd)
    (fp_text reference "SW33" (at 0 -3.2 unlocked) (layer "F.SilkS")
        (effects (font (size 1 1) (thickness 0.15)))
      (tstamp 28577aed-92f2-4d20-94d9-18bed4af008b)
    )
    (fp_text value "SW_Push" (at 0 0 unlocked) (layer "F.Fab") hide
        (effects (font (size 1 1) (thickness 0.15)))
      (tstamp 4aa8139b-098f-46f3-9b7a-30fd61556020)
    )
    (pad "1" thru_hole circle (at -1.5 -1.5) (size 1 1) (drill 0.5) (layers "*.Cu" "F.Mask")
      (net 5 "C3") (pinfunction "1") (pintype "passive") (tstamp bd69bb4d-8636-4051-a808-45161d3742b4))
    (pad "1" smd custom (at -0.05 -1.5) (size 1 1) (layers "F.Cu" "F.Mask")
      (net 5 "C3") (pinfunction "1") (pintype "passive")
      (options (clearance outline) (anchor circle))
      (primitives
        (gr_line (start -0.15 0.5) (end -0.15 2.2) (width 0.2))
        (gr_poly
          (pts
            (xy -1.95 -0.3)
            (xy -1.75 -0.5)
            (xy 1.85 -0.5)
            (xy 2.05 -0.3)
            (xy 2.05 0.5)
            (xy -1.95 0.5)
          )
          (width 0) (fill yes))
        (gr_line (start -0.95 0.5) (end -0.95 2.2) (width 0.2))
        (gr_line (start -1.75 0.5) (end -1.75 2.2) (width 0.2))
        (gr_line (start 0.65 0.5) (end 0.65 2.2) (width 0.2))
        (gr_line (start 1.45 0.5) (end 1.45 2.2) (width 0.2))
      ) (tstamp cd258057-210e-433d-a515-9014644dee5f))
    (pad "2" smd custom (at 0.05 1.5 180) (size 1 1) (layers "F.Cu" "F.Mask")
      (net 13 "R6") (pinfunction "2") (pintype "passive")
      (options (clearance outline) (anchor circle))
      (primitives
        (gr_line (start -0.15 0.5) (end -0.15 2.2) (width 0.2))
        (gr_poly
          (pts
            (xy -1.95 -0.3)
            (xy -1.75 -0.5)
            (xy 1.85 -0.5)
            (xy 2.05 -0.3)
            (xy 2.05 0.5)
            (xy -1.95 0.5)
          )
          (width 0) (fill yes))
        (gr_line (start -0.95 0.5) (end -0.95 2.2) (width 0.2))
        (gr_line (start -1.75 0.5) (end -1.75 2.2) (width 0.2))
        (gr_line (start 1.45 0.5) (end 1.45 2.2) (width 0.2))
        (gr_line (start 0.65 0.5) (end 0.65 2.2) (width 0.2))
      ) (tstamp e6b192e7-aef4-4ea5-81ed-b82e16a29da6))
  )

  (footprint "fx82:RubberDome_Switch" (layer "F.Cu")
    (tstamp 25272671-a156-4510-8f81-f2ca21a88ff1)
    (at 75.7 110.2)
    (property "Sheetfile" "fx82XX.kicad_sch")
    (property "Sheetname" "")
    (property "ki_description" "Push button switch, normally open, two pins, 45° tilted")
    (property "ki_keywords" "switch normally-open pushbutton push-button")
    (path "/c7411a78-ac15-4894-8c60-c5a1e5831821")
    (attr smd)
    (fp_text reference "SW25" (at 0 -3.2 unlocked) (layer "F.SilkS")
        (effects (font (size 1 1) (thickness 0.15)))
      (tstamp f8c46ba9-0bd0-4c77-afe9-8099c2d51843)
    )
    (fp_text value "SW_Push" (at 0 0 unlocked) (layer "F.Fab") hide
        (effects (font (size 1 1) (thickness 0.15)))
      (tstamp e3509bd2-af1e-4f29-a6da-010996a84544)
    )
    (pad "1" thru_hole circle (at -1.5 -1.5) (size 1 1) (drill 0.5) (layers "*.Cu" "F.Mask")
      (net 2 "C1") (pinfunction "1") (pintype "passive") (tstamp fbb522c9-773b-4e0b-8e81-dfd62048e46f))
    (pad "1" smd custom (at -0.05 -1.5) (size 1 1) (layers "F.Cu" "F.Mask")
      (net 2 "C1") (pinfunction "1") (pintype "passive")
      (options (clearance outline) (anchor circle))
      (primitives
        (gr_line (start -0.15 0.5) (end -0.15 2.2) (width 0.2))
        (gr_poly
          (pts
            (xy -1.95 -0.3)
            (xy -1.75 -0.5)
            (xy 1.85 -0.5)
            (xy 2.05 -0.3)
            (xy 2.05 0.5)
            (xy -1.95 0.5)
          )
          (width 0) (fill yes))
        (gr_line (start -0.95 0.5) (end -0.95 2.2) (width 0.2))
        (gr_line (start -1.75 0.5) (end -1.75 2.2) (width 0.2))
        (gr_line (start 0.65 0.5) (end 0.65 2.2) (width 0.2))
        (gr_line (start 1.45 0.5) (end 1.45 2.2) (width 0.2))
      ) (tstamp 2e52c90d-36e4-42ba-b929-ba05f1f2c246))
    (pad "2" smd custom (at 0.05 1.5 180) (size 1 1) (layers "F.Cu" "F.Mask")
      (net 12 "R5") (pinfunction "2") (pintype "passive")
      (options (clearance outline) (anchor circle))
      (primitives
        (gr_line (start -0.15 0.5) (end -0.15 2.2) (width 0.2))
        (gr_poly
          (pts
            (xy -1.95 -0.3)
            (xy -1.75 -0.5)
            (xy 1.85 -0.5)
            (xy 2.05 -0.3)
            (xy 2.05 0.5)
            (xy -1.95 0.5)
          )
          (width 0) (fill yes))
        (gr_line (start -0.95 0.5) (end -0.95 2.2) (width 0.2))
        (gr_line (start -1.75 0.5) (end -1.75 2.2) (width 0.2))
        (gr_line (start 1.45 0.5) (end 1.45 2.2) (width 0.2))
        (gr_line (start 0.65 0.5) (end 0.65 2.2) (width 0.2))
      ) (tstamp 1fed63a6-87ce-4d44-8af7-ed7d0da0c36d))
  )

  (footprint "Module:Raspberry_Pi_Zero_Socketed_THT_FaceDown_MountingHoles" (layer "F.Cu")
    (tstamp 256e7112-58dc-4aeb-ab6b-ba02914c262a)
    (at 93.745 72.145)
    (descr "Raspberry Pi Zero using through hole straight pin socket, 2x20, 2.54mm pitch, https://www.raspberrypi.org/documentation/hardware/raspberrypi/mechanical/rpi_MECH_Zero_1p2.pdf")
    (tags "raspberry pi zero through hole")
    (property "Sheetfile" "fx82XX.kicad_sch")
    (property "Sheetname" "")
    (property "ki_description" "expansion header for Raspberry Pi 2 & 3")
    (property "ki_keywords" "raspberrypi gpio")
    (path "/a0433b45-0385-4683-ae25-7b73b02cb9ff")
    (attr through_hole)
    (fp_text reference "J6" (at 0 -2.2 180) (layer "B.SilkS")
        (effects (font (size 1 1) (thickness 0.15)))
      (tstamp 38351bd1-2ebf-4066-ae66-30ebef97d85a)
    )
    (fp_text value "Raspberry_Pi_2_3" (at 10.23 24.13 90) (layer "F.Fab")
        (effects (font (size 1 1) (thickness 0.15)))
      (tstamp c6357160-353c-45d7-a4d5-ca813b3c24ad)
    )
    (fp_text user "${REFERENCE}" (at -1.27 24.13 90) (layer "F.Fab")
        (effects (font (size 1 1) (thickness 0.15)))
      (tstamp b9fd4b90-b886-4ae2-9646-f1f404070b09)
    )
    (fp_line (start -3.87 -1.33) (end -3.87 49.59)
      (stroke (width 0.12) (type solid)) (layer "B.SilkS") (tstamp d617947b-cf13-4b91-a0cf-290764af2124))
    (fp_line (start -3.87 -1.33) (end -1.27 -1.33)
      (stroke (width 0.12) (type solid)) (layer "B.SilkS") (tstamp 011db6cd-adce-40dd-ab18-e57169016499))
    (fp_line (start -3.87 49.59) (end 1.33 49.59)
      (stroke (width 0.12) (type solid)) (layer "B.SilkS") (tstamp a39fe180-1f7f-4b42-9936-489da3eacc14))
    (fp_line (start -1.27 -1.33) (end -1.27 1.27)
      (stroke (width 0.12) (type solid)) (layer "B.SilkS") (tstamp e2a04e14-936b-41a7-b867-b4b3773dc211))
    (fp_line (start -1.27 1.27) (end 1.33 1.27)
      (stroke (width 0.12) (type solid)) (layer "B.SilkS") (tstamp 710394c0-5709-433a-9705-1f009f86959c))
    (fp_line (start 0 -1.33) (end 1.33 -1.33)
      (stroke (width 0.12) (type solid)) (layer "B.SilkS") (tstamp 2bdf3cb0-3b17-464b-aa70-b04ae262790e))
    (fp_line (start 1.33 -1.33) (end 1.33 0)
      (stroke (width 0.12) (type solid)) (layer "B.SilkS") (tstamp 07f54730-149d-4065-8581-d72cc3834f96))
    (fp_line (start 1.33 1.27) (end 1.33 49.59)
      (stroke (width 0.12) (type solid)) (layer "B.SilkS") (tstamp 1a3f9229-63ed-4758-ad6d-45246edf31a7))
    (fp_line (start -5.02 -8.62) (end 25.48 -8.62)
      (stroke (width 0.05) (type solid)) (layer "F.CrtYd") (tstamp 4230f84f-b1b8-4eff-a19e-890d683ecf73))
    (fp_line (start -5.02 56.88) (end -5.02 -8.62)
      (stroke (width 0.05) (type solid)) (layer "F.CrtYd") (tstamp a1db1f38-b2f1-4132-ab41-68a631809f97))
