(footprint "RubberDome_Switch_NoHole" (version 20221018) (generator pcbnew)
  (layer "F.Cu")
  (attr smd)
  (fp_text reference "REF**" (at 0 -3.2 unlocked) (layer "F.SilkS")
      (effects (font (size 1 1) (thickness 0.15)))
    (tstamp fa15554c-373e-469b-ad84-38d3854f7850)
  )
  (fp_text value "RubberDome_Switch_NoHole" (at 0 0 unlocked) (layer "F.Fab") hide
      (effects (font (size 1 1) (thickness 0.15)))
    (tstamp 5a4561cd-9948-4cf6-92e2-eb48b448f66b)
  )
  (pad "1" smd custom (at -0.05 -1.5) (size 1 1) (layers "F.Cu" "F.Mask")
    (options (clearance outline) (anchor circle))
    (primitives
      (gr_line (start -0.15 0.5) (end -0.15 2.2) (width 0.2))
      (gr_poly
        (pts
          (xy -1.95 -0.3)
          (xy -1.75 -0.5)
          (xy 1.85 -0.5)
          (xy 2.05 -0.3)
          (xy 2.05 0.5)
          (xy -1.95 0.5)
        )
        (width 0) (fill yes))
      (gr_line (start -0.95 0.5) (end -0.95 2.2) (width 0.2))
      (gr_line (start -1.75 0.5) (end -1.75 2.2) (width 0.2))
      (gr_line (start 0.65 0.5) (end 0.65 2.2) (width 0.2))
      (gr_line (start 1.45 0.5) (end 1.45 2.2) (width 0.2))
    ) (tstamp 90aa38bd-7a0f-4eb8-97b6-359b9bf7be35))
  (pad "2" smd custom (at 0.05 1.5 180) (size 1 1) (layers "F.Cu" "F.Mask")
    (options (clearance outline) (anchor circle))
    (primitives
      (gr_line (start -0.15 0.5) (end -0.15 2.2) (width 0.2))
      (gr_poly
        (pts
          (xy -1.95 -0.3)
          (xy -1.75 -0.5)
          (xy 1.85 -0.5)
          (xy 2.05 -0.3)
          (xy 2.05 0.5)
          (xy -1.95 0.5)
        )
        (width 0) (fill yes))
      (gr_line (start -0.95 0.5) (end -0.95 2.2) (width 0.2))
      (gr_line (start -1.75 0.5) (end -1.75 2.2) (width 0.2))
      (gr_line (start 1.45 0.5) (end 1.45 2.2) (width 0.2))
      (gr_line (start 0.65 0.5) (end 0.65 2.2) (width 0.2))
    ) (tstamp d198fe4e-8709-4b7b-9fdc-24ff1aa7df79))
)
